3807426880
3467650200
3496484279
3472688194
3494355410
3473138242
3470164088
3454646120
3929254625
3408754880
3401461138
3480921579
3351012987
3288719934
3283735332
3402223130
3477024919
3401470869
3313641728
3494005268
3458143055
3281852316
3475033000
3478527768
3343183445
3470337012
3407369079
3465997501
3401783957
3408095645
3483153734
3498401770
3312851778
3466884160
3401666005
3466691546
3334643402
3492932780
3335892111
3493950779
3497203568
3387218801
3891975631
3491389769
3400946261
3398256861
3756259476
3498649900
3478550543
3483536770
3484108549
3479291725
3397943728
3284513026
3474117400
3496354359
3402673945
3406754713
3460332360
3401521086
3406436986
3202809941
3401643140
3924839727
3481286691
3400689848
3923330714
3420906405
3388066433
3403797788
3391054582
3405394345
3477121110
3408958585
3475418915
3490927825
3927968483
3939826441
3464954075
3409342799
3911879801
