3924839727
3401521086
3460922047
3391980284
3337838018
3497180046
3497150927
3479122635
3385002121
3381732809
3474117400
3288719934
3409440874
3496484279
3427251373
3312851778
3489776811
3462325271
3420481625
3458059558
3497203568
3498022735
3490848479
3483303105
3473018247
3924723091
3403797722
3474500541
3403583597
3453387801
3423957773
3334643402
3483416928
3911582531
3483416928
3483416928
3461336120
3396305125
3408724385
3400689848
3404982879
3405304345
3388066433
3476984995
3470164088
3393830782
3279631032
3483840171
3408754880
3929254625
3494627043
3472357105
3933155610
3484736079
3283735332
3923330714
3282310423
3313641728
3492584721
3493950779
3398256861
3409522417
3492932780
3281852316
3408628825
3408095645
3483153734
3273204777
3277631032
3401643140
3397065346
3290750179
3495512141
3887855905
3357534557
3801508357
3475320585
3914523661
3334898874
3407369079
3429210241
3491389769
3343544158
3495727485
3487399427
3484108549
3407369079
3409019824
3939826441
3391054582
3896847119
3666832278
3479139419
3206755196
3398661033
3455996498
3396372933
3440117946
3400946261
3355868693
3319823376
3477024919
3478409396
3401997343
3351012987
3492834793
3489776811
3401666005
3389361477
3494002064
3450883455
3487254141
3403682037
3467650200
3484263638
3458143055
3923627514
3473276107
3355343430
3497154518
3459218368
3480921579
3484736079
3396305125
3495513419
3384636386
3512238347
3476915087
3401470869
3401783957
3453562298
3387218801
3464726182
3270695568
3291619279
3440117946
3313641728
3382617444
3478527768
3487632047
3313417003
3483128729
3496354359
3425954750
3885665850
3495094464
3923988414
3450213055
3492841993
3407064602
3475995809
3478865747
3425535051
3496444861
3496428369
3202809941
3911439929
3206310879
3400662663
3482474707
3477900156
3271321295
3286637885
3492588590
3420408010
3492319106
3470337012
3382891633
3428614166
3496428369
3496444861
3496932550
3388066433
3896618580
3476722539
3393145739
3477137687
3450883455
3357114435
3454646120
3484236924
3807426880
3493226889
3468674563
3404982879
3481286691
3894469591
3401247398
3474184250
3460332360
3452310473
3913892152
3927547995
3490647737
3407408922
3495378765
3913608004
3928864453
3401676254
3474764406
3451160713
3472565681
3491527461
3277648902
3496783119
3472688194
3927968483
3483536770
3245316701
3490927825
3498557256
3483556982
3922087274
3400675817
3475778063
3519118689
3451167576
3479538824
3391036887
3496666376
3404710198
3480046358
3473138242
3346545855
3497397659
3466169805
3271277740
3496665514
3208227144
3400702668
3473876809
3397943728
3334643402
3466619685
3497220946
3475033000
3382980527
3466691546